109
0 1 2 5 5 4 3 0
10 10 30 30 20 20 0 10
0 30 0 20 5 15 0 0
-10 10 20 30 10 10 40 10
40 10 30 20 20 30 50 0
20 20 35 26 42 23 33 2
48 8 35 26 44 18 33 2
0 0 10 10 11 9 15 -5
0 0 20 0 11 9 15 -5
0 20 11 50 50 25 63 0
0 20 11 50 50 -2 63 0
0 -20 11 50 50 52 63 0
-68 -29 -68 -15 -12 -71 -26 -71
-81 82 24 52 24 -53 -81 -68
70 48 100 0 88 -6 40 -18
-90 -63 80 39 80 22 -73 -97
-61 46 -9 72 43 20 -35 -32
25 0 55 -10 35 -25 25 -25
27 9 72 -36 27 -45 9 0
18 30 42 30 44 18 24 10
-86 -48 54 92 82 36 -2 -76
-65 -72 -65 87 94 -19 41 -72
-13 33 97 66 64 0 31 0
-18 -16 36 -43 -18 -97 -45 -70
2 33 46 33 13 -77 -42 -55
-35 22 17 -4 -9 -82 -48 -69
-80 9 -17 30 46 -75 25 -96
-82 14 -22 26 38 -70 -46 -94
-21 7 84 -28 84 -98 -21 -63
-67 -61 -21 54 71 -84 -67 -84
59 60 79 60 69 -30 -21 -10
65 30 95 20 80 0 65 5
9 63 63 63 81 18 -9 45
-31 70 59 70 89 -50 -16 -65
-67 88 -27 78 3 -42 -67 -82
-71 32 31 100 99 -70 -3 -70
4 62 48 7 59 -59 -40 -92
-13 97 82 2 -70 -93 -89 -36
6 79 50 35 28 -9 -38 57
48 20 64 18 70 10 46 2
9 100 49 80 9 20 -31 80
-19 74 83 23 49 -79 -87 -11
20 23 47 -4 29 -67 -34 -22
75 50 85 50 65 0 50 0
20 13 32 17 30 8 26 7
6 10 19 15 16 6 13 6
12 78 30 96 54 54 6 54
-34 10 -13 3 -20 -25 -48 -11
-25 62 27 75 40 -81 -12 -68
-83 66 22 51 52 -24 -38 -99
-37 77 33 49 40 28 -37 7
-66 91 22 47 22 -63 -88 -85
5 80 53 -16 21 -64 -91 -64
-84 -32 -25 86 93 27 -25 -91
-33 54 66 43 11 -78 -44 -23
-82 95 -22 85 -27 60 -72 55
-36 60 39 75 99 -30 -51 -90
-74 96 -5 50 18 4 -74 -65
46 19 96 -56 -4 -81 -4 -6
-12 46 60 94 60 46 28 22
-16 -11 32 -27 24 -59 -8 -67
-67 22 -39 43 -4 1 -25 -20
4 12 11 14 13 11 5 10
-99 48 -67 36 -79 8 -91 4
50 70 70 50 45 30 30 30
48 24 96 -8 80 -40 32 -48
44 48 48 44 52 32 32 40
-66 5 -15 73 87 -12 -15 -97
-90 46 6 78 70 30 -10 -82
-54 -40 26 40 66 -80 -14 -80
49 28 70 56 91 28 70 14
0 76 20 86 20 76 0 66
-46 -42 -18 -28 24 -42 -46 -98
-74 40 71 98 100 -18 42 -76
-90 47 -44 93 48 1 -44 -45
0 -21 74 16 74 -58 0 -58
4 18 7 15 6 13 2 15
3 18 67 34 51 -94 3 -62
-57 -9 63 21 83 -39 -77 -39
-61 62 31 39 77 -7 -38 -76
-92 100 -16 100 60 24 -92 -52
-86 -1 -38 7 -38 -17 -54 -33
-49 21 -14 63 28 28 7 -7
24 24 48 42 54 30 42 12
10 -31 30 4 70 -21 50 -61
-72 84 54 66 18 -6 -72 30
55 45 65 70 100 50 95 25
-20 86 13 97 13 42 -31 64
-98 -19 -14 93 70 37 -98 -75
-18 4 45 32 59 -45 10 -66
-30 80 72 80 72 -22 -30 -22
74 72 98 0 62 -48 -22 36
-59 59 93 -55 17 -93 -97 -55
-55 27 -13 69 15 -1 -27 -1
33 77 44 88 55 77 33 66
-17 36 73 66 93 -4 43 -44
15 61 15 92 77 61 15 30
4 32 20 46 22 22 10 26
58 94 88 94 13 -71 -32 -11
65 30 75 35 90 15 75 10
-49 34 59 7 5 -74 -49 7
-29 50 27 50 -15 -76 -71 -48
-79 96 38 96 77 57 -40 -60
-91 6 -19 -42 -67 -66 -91 -42
2 32 16 40 26 28 2 26
16 6 18 7 20 5 17 3
52 96 100 -96 -44 -96 -92 -96
-70 58 38 94 74 -14 2 -50
10 6 12 3 9 2 8 3
